train/000002.jpg 118,93,148,123,0
train/000005.jpg 118,93,148,123,0
train/000009.jpg 127,90,157,120,0
train/000013.jpg 127,90,157,120,0
train/000016.jpg 127,90,157,120,0
train/000020.jpg 113,95,143,125,0
train/000023.jpg 113,95,143,125,0
train/000025.jpg 113,95,143,125,0
train/000029.jpg 137,99,167,129,0
train/000031.jpg 137,99,167,129,0
train/000036.jpg 137,99,167,129,0
train/000040.jpg 118,96,148,126,0
train/000046.jpg 118,96,148,126,0
train/000050.jpg 118,96,148,126,0
train/000052.jpg 111,90,141,120,0 127,85,157,115,0 95,96,125,126,0
train/000054.jpg 111,90,141,120,0 127,85,157,115,0 95,96,125,126,0
train/000057.jpg 111,90,141,120,0 127,85,157,115,0 95,96,125,126,0
train/000061.jpg 114,115,144,145,0 119,90,149,120,0
train/000065.jpg 114,115,144,145,0 119,90,149,120,0
train/000069.jpg 114,115,144,145,0 119,90,149,120,0
train/000073.jpg 123,91,153,121,0
train/000075.jpg 123,91,153,121,0
train/000081.jpg 123,91,153,121,0
train/000084.jpg 100,87,130,117,0
train/000086.jpg 100,87,130,117,0
train/000091.jpg 100,87,130,117,0
train/000096.jpg 53,80,83,110,0 110,81,140,111,0 106,92,136,122,0 103,105,133,135,0
train/000100.jpg 111,92,141,122,0
train/000105.jpg 47,86,77,116,0 104,87,134,117,0
train/000108.jpg 132,104,162,134,0
train/000116.jpg 132,104,162,134,0
train/000118.jpg 133,104,163,134,0
train/000124.jpg 106,98,136,128,0
train/000129.jpg 106,98,136,128,0
train/000131.jpg 106,98,136,128,0
train/000134.jpg 134,105,164,135,0 146,95,176,125,0 154,117,184,147,0
train/000135.jpg 29,121,59,151,0
train/000136.jpg 0,121,20,151,0
train/000141.jpg 135,109,165,139,0
train/000146.jpg 128,95,158,125,0 133,106,163,136,0
train/000149.jpg 60,96,90,126,0
train/000153.jpg 202,87,232,117,0
train/000156.jpg 202,87,232,117,0
train/000161.jpg 202,87,232,117,0
train/000165.jpg 195,89,225,119,0 127,115,157,145,0 184,90,214,120,0 144,114,174,144,0
train/000170.jpg 151,91,181,121,0 184,90,214,120,0
train/000174.jpg 200,34,230,64,0
train/000175.jpg 30,34,60,64,0
train/000180.jpg 216,86,246,116,0 109,94,139,124,0 91,111,121,141,0 202,102,232,132,0 218,101,248,131,0
train/000181.jpg 0,86,20,116,0 0,101,22,131,0
train/000185.jpg 216,86,246,116,0 110,110,140,140,0 202,102,232,132,0 218,101,248,131,0 202,88,232,118,0
train/000186.jpg 0,86,20,116,0 0,101,22,131,0
train/000193.jpg 220,186,250,216,0 95,211,125,241,0 206,202,236,232,0 222,201,252,231,0
train/000194.jpg 0,186,24,216,0 0,201,26,231,0
train/000197.jpg 95,0,125,20,0
train/000209.jpg 229,90,256,120,0
train/000210.jpg 3,90,33,120,0
train/000213.jpg 230,88,256,118,0
train/000214.jpg 4,88,34,118,0
train/000220.jpg 47,24,77,54,0
train/000225.jpg 37,205,67,235,0 36,171,66,201,0 20,188,50,218,0
train/000233.jpg 183,208,213,238,0
train/000234.jpg 43,208,73,238,0
train/000235.jpg 183,14,213,44,0
train/000236.jpg 43,14,73,44,0
train/000244.jpg 226,96,256,126,0 168,158,198,188,0
train/000245.jpg 0,96,30,126,0
train/000250.jpg 196,90,226,120,0
train/000253.jpg 196,24,226,54,0 196,43,226,73,0 196,90,226,120,0
train/000263.jpg 182,197,212,227,0
train/000275.jpg 208,106,238,136,0 212,116,242,146,0 195,86,225,116,0 202,96,232,126,0 220,127,250,157,0 228,139,256,169,0
train/000276.jpg 0,127,24,157,0 2,139,32,169,0
train/000279.jpg 208,106,238,136,0 212,116,242,146,0 202,96,232,126,0 220,127,250,157,0 228,139,256,169,0
train/000280.jpg 0,127,24,157,0 2,139,32,169,0
train/000290.jpg 194,224,224,254,0 198,234,228,256,0 181,204,211,234,0 188,214,218,244,0
train/000292.jpg 194,0,224,28,0 198,8,228,38,0 188,0,218,20,0 206,19,236,49,0 214,31,244,61,0
train/000293.jpg 0,31,20,61,0
train/000302.jpg 212,90,242,120,0 228,48,256,78,0 233,40,256,70,0 209,101,239,131,0
train/000303.jpg 2,48,32,78,0 7,40,37,70,0
train/000311.jpg 210,88,240,118,0 227,90,256,120,0
train/000312.jpg 1,90,31,120,0
train/000313.jpg 31,19,61,49,0
train/000323.jpg 213,197,243,227,0
train/000324.jpg 0,197,20,227,0
train/000327.jpg 44,78,74,108,0 41,89,71,119,0
train/000338.jpg 202,103,232,133,0 209,100,239,130,0
train/000343.jpg 202,103,232,133,0 209,100,239,130,0
train/000354.jpg 194,221,224,251,0
train/000356.jpg 194,0,224,25,0
train/000372.jpg 163,95,193,125,0 150,94,180,124,0
train/000380.jpg 164,164,194,194,0 148,103,178,133,0
train/000388.jpg 232,66,256,96,0 234,82,256,112,0 221,85,251,115,0 216,70,246,100,0
train/000389.jpg 6,66,36,96,0 9,82,39,112,0 0,85,25,115,0 0,70,21,100,0
train/000395.jpg 217,88,247,118,0 233,172,256,202,0
train/000396.jpg 24,168,54,198,0 0,88,22,118,0 8,172,38,202,0
train/000403.jpg 26,187,56,217,0 32,172,62,202,0
train/000404.jpg 22,187,52,217,0 28,172,58,202,0
train/000406.jpg 196,113,226,143,0 224,172,254,202,0 227,188,256,218,0 208,176,238,206,0
train/000407.jpg 0,172,28,202,0 1,188,31,218,0
train/000408.jpg 204,61,234,91,0 200,93,230,123,0
train/000412.jpg 184,113,214,143,0
train/000420.jpg 224,95,254,125,0 206,111,236,141,0
train/000421.jpg 56,90,86,120,0 0,95,28,125,0 81,101,111,131,0 120,101,150,131,0
train/000426.jpg 224,77,254,107,0 206,78,236,108,0 224,91,254,121,0 206,93,236,123,0
train/000427.jpg 0,77,28,107,0 0,91,28,121,0 81,83,111,113,0 120,83,150,113,0
train/000436.jpg 94,32,124,62,0 18,37,48,67,0 119,27,149,57,0 158,27,188,57,0
train/000447.jpg 128,142,158,172,0 105,149,135,179,0
train/000450.jpg 105,149,135,179,0
train/000451.jpg 153,209,183,239,0
train/000452.jpg 155,0,185,21,0
train/000456.jpg 190,91,220,121,0 188,38,218,68,0
train/000465.jpg 236,95,256,125,0
train/000466.jpg 18,97,48,127,0
train/000475.jpg 232,88,256,118,0 216,87,246,117,0 199,91,229,121,0
train/000476.jpg 6,88,36,118,0 0,87,21,117,0
train/000481.jpg 180,91,210,121,0 156,92,186,122,0 216,87,246,117,0
train/000482.jpg 0,87,21,117,0
train/000487.jpg 192,84,222,114,0 176,83,206,113,0
train/000495.jpg 231,94,256,124,0 232,52,256,82,0 217,52,247,82,0
train/000496.jpg 5,94,35,124,0 6,52,36,82,0 0,52,21,82,0
train/000503.jpg 231,82,256,112,0 228,95,256,125,0
train/000504.jpg 5,82,35,112,0 2,95,32,125,0
train/000508.jpg 231,82,256,112,0 228,95,256,125,0
train/000509.jpg 5,82,35,112,0 2,95,32,125,0 38,36,68,66,0
train/000516.jpg 27,194,57,224,0 24,207,54,237,0
train/000523.jpg 213,92,243,122,0 222,102,252,132,0
train/000524.jpg 68,37,98,67,0 0,92,20,122,0 0,102,26,132,0
train/000528.jpg 216,91,246,121,0
train/000529.jpg 0,91,23,121,0
train/000536.jpg 204,93,234,123,0 208,42,238,72,0 204,61,234,91,0
train/000541.jpg 205,109,235,139,0 204,93,234,123,0 204,61,234,91,0 204,76,234,106,0
train/000549.jpg 203,215,233,245,0 202,199,232,229,0 202,167,232,197,0
train/000551.jpg 203,0,233,20,0
train/000559.jpg 201,89,231,119,0
train/000564.jpg 209,86,239,116,0
train/000572.jpg 197,194,227,224,0 217,195,247,225,0
train/000573.jpg 0,195,22,225,0
train/000580.jpg 230,139,256,169,0 230,159,256,189,0
train/000581.jpg 4,139,34,169,0 27,159,57,189,0 4,159,34,189,0
train/000582.jpg 193,106,223,136,0 209,92,239,122,0 194,120,224,150,0 192,90,222,120,0
train/000591.jpg 231,92,256,122,0 210,91,240,121,0
train/000592.jpg 6,92,36,122,0
train/000596.jpg 236,90,256,120,0
train/000597.jpg 14,90,44,120,0
train/000602.jpg 236,90,256,120,0
train/000603.jpg 14,90,44,120,0
train/000611.jpg 42,190,72,220,0
train/000619.jpg 24,90,54,120,0
train/000622.jpg 24,107,54,137,0 24,90,54,120,0
train/000627.jpg 64,202,94,232,0
train/000644.jpg 30,97,60,127,0 26,57,56,87,0
train/000647.jpg 30,97,60,127,0 27,39,57,69,0
train/000654.jpg 76,209,106,239,0 73,151,103,181,0
train/000655.jpg 77,0,107,21,0
train/000663.jpg 226,86,256,116,0
train/000664.jpg 23,136,53,166,0 0,86,30,116,0
train/000667.jpg 231,136,256,166,0 226,86,256,116,0
train/000668.jpg 23,135,53,165,0 5,136,35,166,0 0,86,30,116,0
train/000675.jpg 57,233,87,256,0 16,186,46,216,0
train/000678.jpg 57,9,87,39,0
train/000691.jpg 231,90,256,120,0 221,110,251,140,0
train/000692.jpg 7,90,37,120,0 0,110,26,140,0
train/000695.jpg 228,87,256,117,0
train/000696.jpg 2,87,32,117,0
train/000711.jpg 25,190,55,220,0
train/000719.jpg 235,145,256,175,0 233,111,256,141,0
train/000720.jpg 201,145,231,175,0 200,111,230,141,0
train/000733.jpg 197,101,227,131,0
train/000744.jpg 218,104,248,134,0
train/000745.jpg 0,104,22,134,0
train/000752.jpg 229,95,256,125,0 236,103,256,133,0 164,70,194,100,0 179,86,209,116,0
train/000753.jpg 3,95,33,125,0 15,104,45,134,0
train/000755.jpg 231,97,256,127,0 176,82,206,112,0 191,98,221,128,0
train/000756.jpg 5,97,35,127,0
train/000761.jpg 133,210,163,240,0 56,176,86,206,0 71,192,101,222,0
train/000764.jpg 225,96,255,126,0
train/000765.jpg 0,96,29,126,0
train/000767.jpg 225,96,255,126,0 230,84,256,114,0
train/000768.jpg 0,96,29,126,0 4,84,34,114,0
train/000777.jpg 233,208,256,238,0
train/000778.jpg 8,208,38,238,0
train/000789.jpg 211,97,241,127,0
train/000793.jpg 184,210,214,240,0
train/000796.jpg 206,100,236,130,0 207,73,237,103,0 207,88,237,118,0
train/000800.jpg 184,210,214,240,0 206,210,236,240,0
train/000802.jpg 206,100,236,130,0 206,58,236,88,0 207,88,237,118,0 206,0,236,20,0
train/000810.jpg 198,212,228,242,0 198,170,228,200,0 199,200,229,230,0 176,96,206,126,0 198,96,228,126,0
train/000818.jpg 230,93,256,123,0
train/000819.jpg 4,93,34,123,0 25,73,55,103,0
train/000828.jpg 232,85,256,115,0
train/000829.jpg 7,85,37,115,0
train/000838.jpg 26,192,56,222,0
train/000847.jpg 229,90,256,120,0
train/000848.jpg 35,103,65,133,0 19,102,49,132,0 3,90,33,120,0
train/000855.jpg 234,73,256,103,0 225,85,255,115,0 221,72,251,102,0 236,88,256,118,0 225,53,255,83,0
train/000856.jpg 11,73,41,103,0 0,85,29,115,0 0,72,25,102,0 15,87,45,117,0 0,53,29,83,0
train/000862.jpg 191,81,221,111,0 207,83,237,113,0
train/000868.jpg 37,89,67,119,0 45,69,75,99,0
train/000871.jpg 35,86,65,116,0
train/000877.jpg 95,189,125,219,0 87,204,117,234,0
train/000888.jpg 219,88,249,118,0
train/000889.jpg 0,88,23,118,0
train/000894.jpg 217,88,247,118,0
train/000895.jpg 0,88,22,118,0
train/000905.jpg 221,194,251,224,0
train/000906.jpg 0,194,25,224,0
train/000919.jpg 231,112,256,142,0 231,18,256,48,0
train/000920.jpg 22,114,52,144,0 5,112,35,142,0 7,18,37,48,0 24,98,54,128,0
train/000928.jpg 231,39,256,69,0 231,18,256,48,0 232,95,256,125,0
train/000929.jpg 22,114,52,144,0 5,39,35,69,0 7,18,37,48,0 24,98,54,128,0 6,95,36,125,0
train/000944.jpg 74,208,104,238,0 57,206,87,236,0 58,189,88,219,0
train/000954.jpg 195,88,225,118,0
train/000955.jpg 195,88,225,118,0
train/000964.jpg 169,194,199,224,0
train/000971.jpg 234,108,256,138,0
train/000972.jpg 15,108,45,138,0 32,102,62,132,0
train/000978.jpg 32,102,62,132,0
train/000985.jpg 78,204,108,234,0
train/000998.jpg 193,77,223,107,0 178,90,208,120,0 169,97,199,127,0
train/001004.jpg 193,77,223,107,0 205,66,235,96,0 178,90,208,120,0 169,97,199,127,0
train/001014.jpg 17,28,47,58,0
train/001026.jpg 225,91,255,121,0 213,101,243,131,0
train/001027.jpg 0,91,29,121,0 0,101,20,131,0
train/001029.jpg 218,100,248,130,0
train/001030.jpg 0,100,24,130,0 35,71,65,101,0
train/001040.jpg 217,219,247,249,0
train/001041.jpg 0,219,22,249,0
train/001043.jpg 217,0,247,23,0
train/001054.jpg 20,68,50,98,0 39,83,69,113,0
train/001061.jpg 22,103,52,133,0 20,86,50,116,0 36,84,66,114,0
train/001072.jpg 78,192,108,222,0 94,190,124,220,0 97,207,127,237,0
train/001082.jpg 73,233,103,256,0
train/001087.jpg 31,88,61,118,0
train/001093.jpg 31,88,61,118,0
train/001100.jpg 83,192,113,222,0 95,206,125,236,0
train/001108.jpg 236,86,256,116,0
train/001109.jpg 122,147,152,177,0 112,159,142,189,0 20,89,50,119,0
train/001112.jpg 235,91,256,121,0 230,105,256,135,0
train/001113.jpg 14,93,44,123,0 4,105,34,135,0
train/001118.jpg 185,150,215,180,0
train/001119.jpg 42,199,72,229,0 32,211,62,241,0
train/001128.jpg 187,88,217,118,0
train/001140.jpg 232,95,256,125,0
train/001141.jpg 9,95,39,125,0
train/001144.jpg 232,96,256,126,0
train/001145.jpg 7,96,37,126,0
train/001154.jpg 201,97,231,127,0
train/001160.jpg 197,87,227,117,0 231,59,256,89,0 217,87,247,117,0 231,86,256,116,0
train/001161.jpg 5,59,35,89,0 0,87,21,117,0 5,86,35,116,0
train/001166.jpg 217,87,247,117,0 206,86,236,116,0
train/001167.jpg 61,87,91,117,0 0,87,21,117,0 95,86,125,116,0
train/001180.jpg 225,193,255,223,0
train/001181.jpg 0,193,29,223,0 33,192,63,222,0
train/001189.jpg 227,82,256,112,0
train/001190.jpg 1,82,31,112,0 21,91,51,121,0
train/001194.jpg 227,82,256,112,0
train/001195.jpg 1,82,31,112,0 21,91,51,121,0
train/001203.jpg 137,29,167,59,0
train/001210.jpg 63,89,93,119,0 38,89,68,119,0
train/001215.jpg 38,89,68,119,0
train/001225.jpg 91,189,121,219,0
train/001237.jpg 177,80,207,110,0 168,89,198,119,0 159,80,189,110,0
train/001242.jpg 177,98,207,128,0 123,60,153,90,0 159,98,189,128,0 168,89,198,119,0
train/001245.jpg 127,186,157,216,0 118,195,148,225,0 109,186,139,216,0
train/001255.jpg 228,94,256,124,0
train/001256.jpg 2,94,32,124,0
train/001260.jpg 233,97,256,127,0
train/001261.jpg 10,97,40,127,0
train/001269.jpg 24,206,54,236,0
train/001280.jpg 182,217,212,247,0 196,216,226,246,0 198,94,228,124,0 196,230,226,256,0 200,110,230,140,0 183,230,213,256,0
train/001282.jpg 182,0,212,21,0 196,0,226,20,0 196,4,226,34,0 183,4,213,34,0
train/001289.jpg 234,93,256,123,0 223,76,253,106,0
train/001290.jpg 9,93,39,123,0 0,76,27,106,0
train/001301.jpg 26,86,56,116,0
train/001305.jpg 26,86,56,116,0
train/001308.jpg 27,100,57,130,0
train/001313.jpg 51,100,81,130,0 30,94,60,124,0
train/001316.jpg 78,154,108,184,0
train/001318.jpg 80,147,110,177,0 86,132,116,162,0
train/001323.jpg 218,89,248,119,0 170,189,200,219,0 166,221,196,251,0
train/001324.jpg 0,89,22,119,0
train/001325.jpg 166,0,196,25,0
train/001328.jpg 128,201,158,231,0 134,186,164,216,0
train/001331.jpg 80,75,110,105,0 76,107,106,137,0
train/001336.jpg 221,96,251,126,0 222,115,252,145,0
train/001337.jpg 0,96,25,126,0 0,115,26,145,0
train/001340.jpg 221,96,251,126,0
train/001341.jpg 0,96,25,126,0
train/001354.jpg 88,41,118,71,0
train/001362.jpg 27,87,57,117,0
train/001367.jpg 32,92,62,122,0
train/001370.jpg 231,88,256,118,0
train/001371.jpg 7,88,37,118,0
train/001375.jpg 230,87,256,117,0
train/001376.jpg 4,87,34,117,0
train/001384.jpg 29,194,59,224,0
train/001390.jpg 204,89,234,119,0 212,82,242,112,0
train/001393.jpg 204,89,234,119,0
train/001397.jpg 214,96,244,126,0
train/001398.jpg 0,95,22,125,0
train/001401.jpg 214,96,244,126,0
train/001402.jpg 0,95,22,125,0
train/001413.jpg 214,208,244,238,0
train/001414.jpg 0,208,22,238,0
train/001426.jpg 26,93,56,123,0
train/001430.jpg 56,51,86,81,0 24,91,54,121,0
train/001437.jpg 96,163,126,193,0 64,203,94,233,0
train/001447.jpg 233,100,256,130,0 202,97,232,127,0 231,89,256,119,0
train/001448.jpg 7,100,37,130,0 50,93,80,123,0 5,89,35,119,0
train/001452.jpg 101,152,131,182,0 70,149,100,179,0 115,136,145,166,0 99,141,129,171,0
train/001457.jpg 194,209,224,239,0 236,196,256,226,0
train/001458.jpg 13,196,43,226,0
train/001469.jpg 99,151,129,181,0 143,109,173,139,0
train/001471.jpg 189,153,219,183,0
train/001472.jpg 24,103,54,133,0
train/001480.jpg 72,157,102,187,0 55,165,85,195,0
train/001487.jpg 37,96,67,126,0
train/001496.jpg 37,96,67,126,0
train/001504.jpg 91,150,121,180,0
train/001510.jpg 26,93,56,123,0
train/001514.jpg 20,92,50,122,0 20,57,50,87,0
train/001520.jpg 73,153,103,183,0
train/001524.jpg 18,98,48,128,0
train/001532.jpg 18,98,48,128,0
train/001542.jpg 58,210,88,240,0
train/001552.jpg 230,90,256,120,0
train/001553.jpg 4,90,34,120,0
train/001560.jpg 230,90,256,120,0 234,75,256,105,0
train/001561.jpg 4,90,34,120,0 11,75,41,105,0
train/001571.jpg 27,205,57,235,0
train/001587.jpg 228,101,256,131,0
train/001588.jpg 2,101,32,131,0 36,105,66,135,0
train/001593.jpg 228,101,256,131,0
train/001594.jpg 2,101,32,131,0 36,105,66,135,0
train/001601.jpg 141,81,171,111,0 193,98,223,128,0 192,83,222,113,0
train/001612.jpg 161,95,191,125,0 170,76,200,106,0
train/001625.jpg 210,91,240,121,0 204,105,234,135,0 231,117,256,147,0 213,25,243,55,0
train/001626.jpg 5,117,35,147,0
train/001629.jpg 234,86,256,116,0
train/001630.jpg 10,86,40,116,0 26,89,56,119,0
train/001639.jpg 22,86,52,116,0
train/001645.jpg 62,192,92,222,0
train/001655.jpg 52,68,82,98,0 37,92,67,122,0
train/001661.jpg 37,92,67,122,0
train/001662.jpg 85,145,115,175,0
train/001666.jpg 48,94,78,124,0
train/001672.jpg 39,73,69,103,0 48,94,78,124,0 41,111,71,141,0
train/001678.jpg 114,207,144,237,0
train/001685.jpg 174,93,204,123,0 164,101,194,131,0 202,55,232,85,0 194,63,224,93,0
train/001689.jpg 164,101,194,131,0
train/001693.jpg 174,195,204,225,0 164,203,194,233,0 202,157,232,187,0
train/001705.jpg 33,89,63,119,0 36,73,66,103,0 15,22,45,52,0 19,34,49,64,0
train/001711.jpg 170,102,200,132,0 179,96,209,126,0
train/001712.jpg 166,99,196,129,0 182,167,212,197,0
train/001716.jpg 226,50,256,80,0 234,43,256,73,0
train/001717.jpg 0,50,30,80,0 30,106,60,136,0 39,100,69,130,0 8,43,38,73,0 24,111,54,141,0
train/001726.jpg 204,122,234,152,0 231,102,256,132,0 204,108,234,138,0
train/001727.jpg 5,102,35,132,0
train/001737.jpg 166,90,196,120,0 192,78,222,108,0 177,89,207,119,0 167,80,197,110,0 177,80,207,110,0
train/001743.jpg 168,96,198,126,0 143,98,173,128,0 153,98,183,128,0
train/001753.jpg 116,202,146,232,0 142,190,172,220,0 127,201,157,231,0 117,192,147,222,0 127,192,157,222,0
train/001758.jpg 176,99,206,129,0 176,108,206,138,0
train/001761.jpg 222,207,252,237,0 211,206,241,236,0
train/001762.jpg 0,207,26,237,0
train/001765.jpg 188,94,218,124,0
train/001770.jpg 185,97,215,127,0 172,98,202,128,0
train/001776.jpg 158,215,188,245,0
train/001777.jpg 158,0,188,21,0
train/001785.jpg 208,96,238,126,0 193,96,223,126,0
train/001790.jpg 208,96,238,126,0
train/001799.jpg 212,208,242,238,0 132,209,162,239,0
train/001807.jpg 174,83,204,113,0 169,92,199,122,0
train/001810.jpg 184,80,214,110,0 160,94,190,124,0 169,92,199,122,0
train/001820.jpg 116,200,146,230,0 130,189,160,219,0 125,198,155,228,0
train/001833.jpg 163,101,193,131,0 174,106,204,136,0
train/001841.jpg 23,105,53,135,0 27,94,57,124,0
train/001843.jpg 231,171,256,201,0
train/001844.jpg 5,171,35,201,0 30,114,60,144,0 33,95,63,125,0
train/001851.jpg 75,205,105,235,0 79,194,109,224,0
train/001861.jpg 201,91,231,121,0
train/001867.jpg 194,199,224,229,0
train/001875.jpg 197,89,227,119,0
train/001879.jpg 194,86,224,116,0
train/001880.jpg 43,43,73,73,0
train/001884.jpg 180,192,210,222,0
train/001886.jpg 29,149,59,179,0
train/001894.jpg 224,94,254,124,0 225,109,255,139,0 216,38,246,68,0
train/001895.jpg 0,94,28,124,0 0,109,29,139,0 0,38,21,68,0
train/001907.jpg 42,88,72,118,0 96,85,126,115,0 32,103,62,133,0 36,118,66,148,0 105,76,135,106,0
train/001916.jpg 181,89,211,119,0 163,84,193,114,0
train/001919.jpg 181,89,211,119,0
train/001929.jpg 143,201,173,231,0 125,196,155,226,0
train/001935.jpg 27,97,57,127,0
train/001940.jpg 27,97,57,127,0
train/001943.jpg 75,147,105,177,0
train/001953.jpg 213,89,243,119,0 212,104,242,134,0
train/001954.jpg 0,90,20,120,0 0,104,20,134,0
train/001956.jpg 187,88,217,118,0 188,69,218,99,0
train/001957.jpg 187,88,217,118,0 188,69,218,99,0
train/001963.jpg 42,235,72,256,0
train/001964.jpg 41,32,71,62,0 42,13,72,43,0
train/001977.jpg 204,86,234,116,0 206,103,236,133,0
train/001986.jpg 23,90,53,120,0
train/001992.jpg 23,90,53,120,0
train/001995.jpg 221,92,251,122,0
train/001996.jpg 0,92,26,122,0
train/002004.jpg 179,103,209,133,0
train/002008.jpg 191,109,221,139,0 179,101,209,131,0
train/002014.jpg 147,219,177,249,0
train/002016.jpg 147,0,177,23,0
train/002025.jpg 224,102,254,132,0
train/002026.jpg 0,102,28,132,0
train/002029.jpg 224,102,254,132,0
train/002030.jpg 0,102,28,132,0
train/002040.jpg 236,220,256,250,0
train/002041.jpg 14,220,44,250,0
train/002045.jpg 14,0,44,24,0
train/002052.jpg 74,216,104,246,0
train/002054.jpg 74,0,104,22,0
train/002055.jpg 227,85,256,115,0 218,128,248,158,0
train/002056.jpg 1,85,31,115,0 0,128,24,158,0
train/002057.jpg 67,230,97,256,0
train/002059.jpg 67,4,97,34,0
train/002060.jpg 227,85,256,115,0
train/002061.jpg 1,85,31,115,0
train/002068.jpg 73,110,103,140,0
train/002069.jpg 233,191,256,221,0
train/002070.jpg 11,191,41,221,0
train/002084.jpg 191,87,221,117,0 137,40,167,70,0 128,35,158,65,0
train/002088.jpg 197,99,227,129,0 187,91,217,121,0 143,52,173,82,0 134,47,164,77,0
train/002098.jpg 166,193,196,223,0 117,164,147,194,0 108,159,138,189,0
train/002106.jpg 26,71,56,101,0 23,86,53,116,0
train/002108.jpg 26,71,56,101,0 23,86,53,116,0
train/002117.jpg 60,177,90,207,0 57,192,87,222,0
train/002129.jpg 233,94,256,124,0
train/002130.jpg 19,82,49,112,0 9,94,39,124,0
train/002134.jpg 233,94,256,124,0
train/002135.jpg 23,105,53,135,0 9,94,39,124,0
train/002142.jpg 230,205,256,235,0
train/002143.jpg 27,205,57,235,0 4,205,34,235,0
train/002158.jpg 222,88,252,118,0
train/002159.jpg 0,88,26,118,0
train/002160.jpg 153,183,183,213,0 144,226,174,256,0
train/002164.jpg 153,7,183,37,0 144,50,174,80,0
train/002166.jpg 221,84,251,114,0
train/002167.jpg 0,84,25,114,0
train/002169.jpg 159,165,189,195,0
train/002171.jpg 159,0,189,22,0
train/002179.jpg 233,190,256,220,0
train/002180.jpg 11,190,41,220,0
train/002182.jpg 36,191,66,221,0
train/002183.jpg 20,191,50,221,0
train/002185.jpg 175,45,205,75,0
train/002195.jpg 21,98,51,128,0
train/002200.jpg 30,95,60,125,0
train/002205.jpg 167,87,197,117,0 160,74,190,104,0
train/002207.jpg 70,213,100,243,0
train/002211.jpg 69,0,99,21,0
train/002220.jpg 225,95,255,125,0
train/002221.jpg 0,95,29,125,0
train/002223.jpg 224,94,254,124,0
train/002224.jpg 0,94,28,124,0
train/002229.jpg 236,208,256,238,0
train/002230.jpg 15,207,45,237,0
train/002231.jpg 123,171,153,201,0
train/002241.jpg 225,97,255,127,0
train/002242.jpg 0,97,29,127,0
train/002244.jpg 225,97,255,127,0
train/002245.jpg 0,97,29,127,0
train/002250.jpg 185,99,215,129,0
train/002255.jpg 233,99,256,129,0
train/002256.jpg 9,99,39,129,0
train/002261.jpg 233,99,256,129,0
train/002262.jpg 9,99,39,129,0
train/002274.jpg 37,211,67,241,0
train/002278.jpg 36,0,66,20,0
train/002291.jpg 226,102,256,132,0
train/002292.jpg 0,102,30,132,0
train/002296.jpg 229,102,256,132,0
train/002297.jpg 3,102,33,132,0
train/002311.jpg 19,214,49,244,0
train/002313.jpg 19,0,49,20,0
train/002322.jpg 226,101,256,131,0
train/002323.jpg 0,101,30,131,0
train/002327.jpg 226,101,256,131,0
train/002328.jpg 0,101,30,131,0
train/002337.jpg 16,213,46,243,0
train/002340.jpg 16,0,46,20,0
train/002345.jpg 94,36,124,66,0
train/002352.jpg 35,90,65,120,0
train/002357.jpg 29,91,59,121,0
train/002366.jpg 81,197,111,227,0
train/002377.jpg 32,87,62,117,0
train/002387.jpg 32,87,62,117,0
train/002394.jpg 78,193,108,223,0
train/002410.jpg 234,85,256,115,0 234,73,256,103,0
train/002411.jpg 9,85,39,115,0 9,73,39,103,0
train/002417.jpg 44,99,74,129,0
train/002422.jpg 98,211,128,241,0
train/002424.jpg 99,0,129,22,0
train/002433.jpg 34,88,64,118,0
train/002438.jpg 33,89,63,119,0
train/002445.jpg 79,189,109,219,0
train/002457.jpg 193,89,223,119,0 206,88,236,118,0
train/002463.jpg 202,91,232,121,0
train/002469.jpg 201,91,231,121,0
train/002479.jpg 193,197,223,227,0
train/002491.jpg 21,94,51,124,0
train/002499.jpg 20,95,50,125,0
train/002504.jpg 54,207,84,237,0
train/002518.jpg 236,87,256,117,0
train/002519.jpg 19,86,49,116,0
train/002531.jpg 131,24,161,54,0
train/002538.jpg 174,101,204,131,0 219,135,249,165,0 184,101,214,131,0 163,101,193,131,0
train/002539.jpg 0,135,23,165,0
train/002546.jpg 33,94,63,124,0
train/002553.jpg 235,86,256,116,0
train/002554.jpg 15,88,45,118,0 31,95,61,125,0
train/002563.jpg 73,206,103,236,0
train/002571.jpg 23,89,53,119,0
train/002576.jpg 23,89,53,119,0
train/002588.jpg 57,201,87,231,0
train/002601.jpg 34,87,64,117,0 46,89,76,119,0
train/002605.jpg 34,85,64,115,0 23,84,53,114,0
train/002616.jpg 86,191,116,221,0 75,190,105,220,0
train/002630.jpg 32,83,62,113,0 21,66,51,96,0
train/002635.jpg 32,83,62,113,0
train/002640.jpg 73,190,103,220,0
train/002653.jpg 58,204,88,234,0 59,191,89,221,0 61,152,91,182,0
train/002654.jpg 55,234,85,256,0
train/002655.jpg 54,159,84,189,0
train/002657.jpg 61,152,91,182,0
train/002663.jpg 106,204,136,234,0
train/002665.jpg 118,59,148,89,0
train/002667.jpg 215,84,245,114,0
train/002668.jpg 0,84,22,114,0
train/002671.jpg 213,90,243,120,0
train/002672.jpg 0,90,21,120,0
train/002674.jpg 217,196,247,226,0
train/002675.jpg 0,196,23,226,0
train/002681.jpg 43,93,73,123,0
train/002685.jpg 43,93,73,123,0
train/002695.jpg 101,205,131,235,0
train/002706.jpg 193,100,223,130,0 189,84,219,114,0
train/002711.jpg 193,70,223,100,0 194,83,224,113,0
train/002717.jpg 150,43,180,73,0 142,79,172,109,0
train/002726.jpg 147,136,177,166,0 187,85,217,115,0
train/002733.jpg 26,89,56,119,0
train/002737.jpg 26,89,56,119,0
train/002749.jpg 66,189,96,219,0
train/002763.jpg 216,96,246,126,0
train/002764.jpg 0,96,22,126,0
train/002768.jpg 216,96,246,126,0 234,96,256,126,0
train/002769.jpg 0,96,22,126,0 10,96,40,126,0
train/002776.jpg 226,202,256,232,0
train/002777.jpg 0,202,30,232,0
train/002788.jpg 216,95,246,125,0 191,104,221,134,0
train/002789.jpg 0,95,21,125,0
train/002792.jpg 203,100,233,130,0 216,95,246,125,0
train/002793.jpg 0,95,21,125,0
train/002801.jpg 207,218,237,248,0 220,213,250,243,0
train/002802.jpg 0,213,24,243,0
train/002804.jpg 207,0,237,23,0 220,0,250,21,0
train/002815.jpg 233,91,256,121,0
train/002816.jpg 10,91,40,121,0
train/002820.jpg 233,89,256,119,0
train/002821.jpg 11,90,41,120,0
train/002827.jpg 32,197,62,227,0
train/002838.jpg 191,96,221,126,0 227,86,256,116,0
train/002839.jpg 1,86,31,116,0
train/002845.jpg 176,82,206,112,0 224,88,254,118,0
train/002846.jpg 0,88,28,118,0
train/002853.jpg 192,188,222,218,0 236,193,256,223,0
train/002854.jpg 14,194,44,224,0
train/002864.jpg 233,78,256,108,0 230,96,256,126,0
train/002865.jpg 8,78,38,108,0 4,96,34,126,0
train/002869.jpg 230,96,256,126,0
train/002870.jpg 4,96,34,126,0
train/002882.jpg 26,214,56,244,0
train/002885.jpg 25,0,55,21,0
train/002891.jpg 234,89,256,119,0
train/002892.jpg 9,88,39,118,0
train/002894.jpg 234,89,256,119,0
train/002895.jpg 56,41,86,71,0 28,88,58,118,0 9,88,39,118,0
train/002906.jpg 33,195,63,225,0
train/002909.jpg 20,16,50,46,0
train/002915.jpg 228,97,256,127,0
train/002916.jpg 2,97,32,127,0
train/002922.jpg 228,97,256,127,0
train/002923.jpg 2,97,32,127,0
train/002929.jpg 22,213,52,243,0
train/002935.jpg 21,0,51,20,0
train/002942.jpg 226,91,256,121,0
train/002943.jpg 0,91,30,121,0
train/002948.jpg 227,94,256,124,0
train/002949.jpg 1,94,31,124,0
train/002958.jpg 16,203,46,233,0
train/002969.jpg 231,89,256,119,0
train/002970.jpg 5,89,35,119,0
train/002975.jpg 233,88,256,118,0
train/002976.jpg 8,88,38,118,0
train/002988.jpg 30,188,60,218,0
train/003003.jpg 221,85,251,115,0
train/003004.jpg 0,85,25,115,0
train/003008.jpg 221,85,251,115,0
train/003009.jpg 0,85,25,115,0
train/003015.jpg 233,203,256,233,0
train/003016.jpg 8,203,38,233,0
train/003019.jpg 234,191,256,221,0
train/003020.jpg 11,191,41,221,0
train/003033.jpg 222,91,252,121,0 235,28,256,58,0 221,81,251,111,0
train/003034.jpg 0,91,26,121,0 9,28,39,58,0 20,28,50,58,0 0,81,25,111,0 31,27,61,57,0
train/003041.jpg 58,99,88,129,0
train/003045.jpg 57,100,87,130,0
train/003054.jpg 133,212,163,242,0
train/003055.jpg 132,0,162,20,0
train/003067.jpg 198,110,228,140,0 203,98,233,128,0 206,86,236,116,0
train/003068.jpg 68,149,98,179,0 58,144,88,174,0
train/003070.jpg 192,80,222,110,0 205,85,235,115,0
train/003071.jpg 80,126,110,156,0 62,119,92,149,0 52,114,82,144,0
train/003080.jpg 196,216,226,246,0 209,221,239,251,0 201,204,231,234,0 204,192,234,222,0
train/003083.jpg 196,0,226,21,0 209,0,239,25,0
train/003084.jpg 84,36,114,66,0 66,29,96,59,0 74,33,104,63,0 56,24,86,54,0
train/003095.jpg 217,92,247,122,0 193,126,223,156,0 205,126,235,156,0
train/003096.jpg 0,92,21,122,0 17,99,47,129,0 28,99,58,129,0
train/003105.jpg 226,103,256,133,0 229,144,256,174,0 201,142,231,172,0
train/003106.jpg 0,103,30,133,0 3,144,33,174,0
train/003114.jpg 169,83,199,113,0 172,73,202,103,0 163,93,193,123,0
train/003121.jpg 172,73,202,103,0 163,93,193,123,0
train/003126.jpg 110,197,140,227,0
train/003136.jpg 225,90,255,120,0 221,66,251,96,0
train/003137.jpg 0,90,29,120,0 0,66,25,96,0 59,73,89,103,0 73,73,103,103,0
train/003141.jpg 225,90,255,120,0 221,66,251,96,0
train/003142.jpg 0,90,29,120,0 0,66,25,96,0 59,73,89,103,0 73,73,103,103,0 117,90,147,120,0
train/003148.jpg 185,86,215,116,0 181,62,211,92,0
train/003149.jpg 19,69,49,99,0 33,69,63,99,0 77,86,107,116,0 89,92,119,122,0
train/003157.jpg 233,91,256,121,0
train/003158.jpg 10,91,40,121,0
train/003164.jpg 233,89,256,119,0
train/003165.jpg 12,89,42,119,0
train/003173.jpg 38,197,68,227,0
train/003180.jpg 223,98,253,128,0
train/003181.jpg 0,98,27,128,0
train/003183.jpg 223,98,253,128,0
train/003184.jpg 0,98,27,128,0
train/003189.jpg 232,211,256,241,0
train/003190.jpg 7,211,37,241,0
train/003192.jpg 6,0,36,20,0
train/003199.jpg 224,86,254,116,0
train/003200.jpg 0,86,28,116,0
train/003203.jpg 224,86,254,116,0
train/003204.jpg 0,86,28,116,0
train/003208.jpg 232,193,256,223,0
train/003209.jpg 7,193,37,223,0
train/003220.jpg 235,93,256,123,0
train/003221.jpg 13,93,43,123,0
train/003227.jpg 16,92,46,122,0
train/003243.jpg 50,198,80,228,0
train/003252.jpg 47,149,77,179,0 25,103,55,133,0
train/003256.jpg 22,100,52,130,0
train/003263.jpg 62,212,92,242,0
train/003265.jpg 63,0,93,20,0
train/003278.jpg 210,196,240,226,0
train/003286.jpg 222,86,252,116,0
train/003287.jpg 0,86,26,116,0
train/003296.jpg 232,192,256,222,0
train/003297.jpg 6,192,36,222,0
train/003306.jpg 222,66,252,96,0 210,60,240,90,0
train/003307.jpg 0,66,26,96,0 38,87,68,117,0
train/003312.jpg 105,123,135,153,0 50,96,80,126,0 38,90,68,120,0
train/003319.jpg 159,177,189,207,0 104,150,134,180,0 146,171,176,201,0 92,144,122,174,0
train/003331.jpg 170,88,200,118,0 155,86,185,116,0
train/003341.jpg 227,95,256,125,0
train/003342.jpg 1,95,31,125,0
train/003347.jpg 227,95,256,125,0 234,108,256,138,0
train/003348.jpg 1,95,31,125,0 14,108,44,138,0
train/003360.jpg 232,207,256,237,0
train/003361.jpg 11,207,41,237,0
train/003377.jpg 224,95,254,125,0
train/003378.jpg 0,95,28,125,0
train/003382.jpg 224,95,254,125,0 223,114,253,144,0
train/003383.jpg 0,95,28,125,0 0,114,27,144,0
train/003391.jpg 232,207,256,237,0
train/003392.jpg 8,207,38,237,0
train/003405.jpg 39,86,69,116,0
train/003409.jpg 21,87,51,117,0 39,86,69,116,0
train/003412.jpg 98,3,128,33,0 115,1,145,31,0
train/003413.jpg 73,187,103,217,0 91,186,121,216,0
train/003415.jpg 28,84,58,114,0
train/003421.jpg 28,84,58,114,0
train/003427.jpg 70,184,100,214,0
train/003441.jpg 149,94,179,124,0
train/003444.jpg 26,85,56,115,0
train/003447.jpg 26,85,56,115,0
train/003459.jpg 70,190,100,220,0
train/003468.jpg 20,94,50,124,0
train/003473.jpg 20,94,50,124,0
train/003479.jpg 54,200,84,230,0
train/003492.jpg 222,92,252,122,0 235,90,256,120,0 152,94,182,124,0
train/003493.jpg 0,92,26,122,0 11,90,41,120,0
train/003498.jpg 100,30,130,60,0 30,32,60,62,0 30,48,60,78,0
train/003503.jpg 21,94,51,124,0
train/003509.jpg 21,94,51,124,0
train/003518.jpg 55,206,85,236,0
train/003526.jpg 30,87,60,117,0
train/003532.jpg 32,91,62,121,0
train/003543.jpg 78,197,108,227,0
train/003556.jpg 21,90,51,120,0 45,90,75,120,0
train/003560.jpg 21,90,51,120,0 45,90,75,120,0
train/003567.jpg 67,196,97,226,0
train/003580.jpg 39,91,69,121,0 54,104,84,134,0
train/003584.jpg 42,92,72,122,0
train/003596.jpg 97,203,127,233,0 112,216,142,246,0
train/003597.jpg 112,0,142,25,0
train/003609.jpg 233,99,256,129,0 220,104,250,134,0 142,62,172,92,0
train/003610.jpg 8,99,38,129,0 0,104,24,134,0 21,91,51,121,0
train/003613.jpg 233,97,256,127,0 101,82,131,112,0
train/003614.jpg 7,97,37,127,0
train/003624.jpg 205,20,235,50,0
train/003625.jpg 111,35,141,65,0 68,54,98,84,0
train/003635.jpg 35,90,65,120,0
train/003645.jpg 35,90,65,120,0
train/003655.jpg 88,196,118,226,0
train/003670.jpg 23,83,53,113,0
train/003674.jpg 21,88,51,118,0
train/003683.jpg 61,188,91,218,0
train/003691.jpg 74,71,104,101,0 34,96,64,126,0 26,84,56,114,0
train/003697.jpg 32,90,62,120,0
train/003709.jpg 82,201,112,231,0
train/003720.jpg 36,94,66,124,0
train/003723.jpg 34,93,64,123,0
train/003731.jpg 80,205,110,235,0
train/003744.jpg 181,228,211,256,0 199,231,229,256,0
train/003747.jpg 178,54,208,84,0 179,41,209,71,0 181,2,211,32,0 181,17,211,47,0 199,5,229,35,0
train/003748.jpg 190,95,220,125,0
train/003756.jpg 40,87,70,117,0
train/003760.jpg 102,69,132,99,0
train/003762.jpg 40,87,70,117,0
train/003767.jpg 88,141,118,171,0
train/003775.jpg 201,106,231,136,0 200,90,230,120,0 214,90,244,120,0
train/003776.jpg 0,90,20,120,0
train/003780.jpg 201,94,231,124,0 215,94,245,124,0
train/003781.jpg 0,94,20,124,0
train/003791.jpg 212,196,242,226,0
train/003802.jpg 232,103,256,133,0
train/003803.jpg 10,103,40,133,0 23,90,53,120,0
train/003808.jpg 23,90,53,120,0
train/003816.jpg 50,203,80,233,0 63,190,93,220,0
train/003828.jpg 52,87,82,117,0 41,77,71,107,0 32,88,62,118,0
train/003834.jpg 31,85,61,115,0 40,75,70,105,0 29,65,59,95,0 20,76,50,106,0
train/003839.jpg 83,236,113,256,0
train/003841.jpg 82,14,112,44,0 68,57,98,87,0
train/003850.jpg 77,191,107,221,0
train/003862.jpg 30,72,60,102,0 30,87,60,117,0 32,37,62,67,0
train/003865.jpg 30,87,60,117,0
train/003875.jpg 90,150,120,180,0 76,193,106,223,0
train/003890.jpg 45,98,75,128,0 69,100,99,130,0
train/003896.jpg 103,206,133,236,0
train/003907.jpg 35,87,65,117,0
train/003910.jpg 35,87,65,117,0
train/003913.jpg 145,61,175,91,0 164,25,194,55,0
train/003923.jpg 33,91,63,121,0
train/003929.jpg 33,91,63,121,0
train/003931.jpg 231,83,256,113,0
train/003932.jpg 5,83,35,113,0
train/003938.jpg 40,86,70,116,0
train/003939.jpg 40,86,70,116,0
train/003950.jpg 20,86,50,116,0
train/003955.jpg 235,85,256,115,0
train/003956.jpg 15,85,45,115,0
train/003959.jpg 236,83,256,113,0
train/003960.jpg 14,83,44,113,0
train/003964.jpg 62,143,92,173,0
train/003970.jpg 54,83,84,113,0
train/003972.jpg 30,71,60,101,0 54,85,84,115,0
train/003976.jpg 16,33,46,63,0
train/003981.jpg 187,90,217,120,0 183,82,213,112,0
train/003985.jpg 196,97,226,127,0 187,90,217,120,0 203,109,233,139,0
train/003990.jpg 29,28,59,58,0 25,20,55,50,0
train/003999.jpg 182,76,212,106,0 185,91,215,121,0 175,84,205,114,0
train/004001.jpg 201,68,231,98,0 182,76,212,106,0 185,91,215,121,0 175,84,205,114,0
train/004004.jpg 169,180,199,210,0 150,188,180,218,0 153,203,183,233,0 143,196,173,226,0
train/004015.jpg 54,98,84,128,0
train/004020.jpg 52,97,82,127,0
train/004032.jpg 122,209,152,239,0
train/004034.jpg 120,0,150,20,0
train/004044.jpg 211,92,241,122,0 224,96,254,126,0
train/004045.jpg 0,96,28,126,0 33,108,63,138,0
train/004051.jpg 163,218,193,248,0
train/004052.jpg 225,94,255,124,0 227,81,256,111,0 214,78,244,108,0
train/004053.jpg 0,94,29,124,0 1,81,31,111,0 0,78,20,108,0 163,0,193,22,0
train/004059.jpg 234,58,256,88,0
train/004060.jpg 21,98,51,128,0 10,58,40,88,0
train/004062.jpg 234,58,256,88,0
train/004063.jpg 21,98,51,128,0 10,58,40,88,0
train/004068.jpg 219,100,249,130,0 208,60,238,90,0
train/004069.jpg 0,100,23,130,0
train/004073.jpg 211,94,241,124,0 209,117,239,147,0
train/004078.jpg 211,94,241,124,0 209,117,239,147,0
train/004087.jpg 209,200,239,230,0 207,223,237,253,0
train/004089.jpg 207,0,237,27,0
train/004096.jpg 191,91,221,121,0 188,108,218,138,0 185,98,215,128,0 195,101,225,131,0
train/004097.jpg 191,91,221,121,0 188,108,218,138,0 185,98,215,128,0 195,101,225,131,0
train/004104.jpg 133,93,163,123,0 130,110,160,140,0 137,103,167,133,0
train/004111.jpg 198,93,228,123,0 183,90,213,120,0 152,90,182,120,0
train/004120.jpg 178,95,208,125,0 230,99,256,129,0 188,91,218,121,0 203,90,233,120,0
train/004121.jpg 4,99,34,129,0 17,102,47,132,0
train/004126.jpg 216,91,246,121,0 160,85,190,115,0
train/004127.jpg 0,91,20,121,0
train/004129.jpg 210,91,240,121,0 220,94,250,124,0 154,85,184,115,0
train/004130.jpg 0,94,24,124,0
train/004139.jpg 176,93,206,123,0 120,87,150,117,0
train/004144.jpg 184,87,214,117,0 183,58,213,88,0 192,62,222,92,0
train/004148.jpg 184,87,214,117,0 183,58,213,88,0 192,62,222,92,0
train/004156.jpg 159,195,189,225,0 205,212,235,242,0 214,216,244,246,0
train/004159.jpg 214,0,244,20,0
train/004169.jpg 224,93,254,123,0 232,87,256,117,0
train/004170.jpg 0,93,28,123,0 42,124,72,154,0 6,87,36,117,0
train/004176.jpg 224,93,254,123,0 232,87,256,117,0
train/004177.jpg 0,93,28,123,0 6,87,36,117,0
train/004179.jpg 49,41,79,71,0 85,12,115,42,0
train/004180.jpg 236,205,256,235,0
train/004181.jpg 14,205,44,235,0 22,199,52,229,0
train/004184.jpg 197,109,227,139,0 191,101,221,131,0 217,91,247,121,0
train/004185.jpg 0,91,22,121,0
train/004190.jpg 217,91,247,121,0 206,101,236,131,0
train/004191.jpg 0,91,22,121,0
train/004193.jpg 169,59,199,89,0 180,59,210,89,0 131,86,161,116,0
train/004197.jpg 221,197,251,227,0
train/004198.jpg 0,197,25,227,0
train/004219.jpg 227,98,256,128,0 216,98,246,128,0
train/004220.jpg 1,98,31,128,0 0,98,20,128,0
train/004231.jpg 209,90,239,120,0
train/004237.jpg 176,105,206,135,0
train/004241.jpg 194,153,224,183,0 165,99,195,129,0 175,106,205,136,0
train/004249.jpg 127,223,157,253,0 137,230,167,256,0
train/004251.jpg 127,0,157,27,0 137,4,167,34,0
train/004259.jpg 210,96,240,126,0 197,91,227,121,0 194,104,224,134,0
train/004261.jpg 210,96,240,126,0 197,91,227,121,0 207,108,237,138,0
train/004271.jpg 208,202,238,232,0 195,197,225,227,0
train/004282.jpg 216,88,246,118,0 229,88,256,118,0
train/004283.jpg 0,88,20,118,0 3,88,33,118,0
train/004287.jpg 216,88,246,118,0
train/004288.jpg 0,88,20,118,0
train/004297.jpg 220,188,250,218,0 233,188,256,218,0
train/004298.jpg 0,188,24,218,0 7,188,37,218,0
train/004302.jpg 227,92,256,122,0 228,80,256,110,0
train/004303.jpg 1,92,31,122,0 2,80,32,110,0
train/004304.jpg 227,92,256,122,0 164,98,194,128,0 167,79,197,109,0
train/004305.jpg 1,92,31,122,0
train/004309.jpg 186,210,216,240,0 189,191,219,221,0
train/004310.jpg 23,204,53,234,0
train/004319.jpg 120,31,150,61,0 120,40,150,70,0
train/004322.jpg 166,93,196,123,0 155,92,185,122,0
train/004325.jpg 120,31,150,61,0
train/004326.jpg 166,93,196,123,0
train/004332.jpg 176,201,206,231,0 176,210,206,240,0
train/004333.jpg 235,120,256,150,0 167,90,197,120,0 231,130,256,160,0
train/004334.jpg 31,127,61,157,0 26,136,56,166,0 22,120,52,150,0 17,130,47,160,0
train/004337.jpg 222,37,252,67,0 211,36,241,66,0
train/004338.jpg 0,37,26,67,0
train/004346.jpg 157,102,187,132,0 172,100,202,130,0 167,109,197,139,0
train/004350.jpg 157,102,187,132,0 172,100,202,130,0 184,167,214,197,0
train/004356.jpg 99,215,129,245,0
train/004358.jpg 99,0,129,20,0
train/004368.jpg 236,85,256,115,0
train/004369.jpg 19,85,49,115,0
train/004375.jpg 197,104,227,134,0 236,85,256,115,0
train/004376.jpg 19,85,49,115,0
train/004382.jpg 126,236,156,256,0
train/004384.jpg 129,17,159,47,0
train/004391.jpg 211,77,241,107,0 211,89,241,119,0
train/004395.jpg 211,77,241,107,0 211,89,241,119,0
train/004402.jpg 33,143,63,173,0
train/004406.jpg 120,50,150,80,0 125,38,155,68,0 128,26,158,56,0 216,89,246,119,0 206,84,236,114,0
train/004407.jpg 0,89,20,119,0
train/004414.jpg 90,44,120,74,0 103,49,133,79,0 204,90,234,120,0 186,83,216,113,0 194,87,224,117,0 176,78,206,108,0
train/004422.jpg 88,150,118,180,0 101,155,131,185,0 93,138,123,168,0 96,126,126,156,0 202,196,232,226,0 184,189,214,219,0 192,193,222,223,0 174,184,204,214,0
train/004429.jpg 223,92,253,122,0 211,93,241,123,0 189,45,219,75,0
train/004430.jpg 0,92,27,122,0
train/004435.jpg 223,92,253,122,0 211,93,241,123,0 189,45,219,75,0
train/004436.jpg 0,92,27,122,0
train/004448.jpg 13,192,43,222,0
train/004463.jpg 229,94,256,124,0 196,140,226,170,0
train/004464.jpg 3,94,33,124,0
train/004472.jpg 164,96,194,126,0
train/004474.jpg 164,98,194,128,0
train/004480.jpg 114,208,144,238,0
train/004494.jpg 48,92,78,122,0 39,80,69,110,0 30,92,60,122,0
train/004500.jpg 48,92,78,122,0 30,92,60,122,0 38,100,68,130,0
train/004509.jpg 112,198,142,228,0 103,186,133,216,0 94,198,124,228,0 102,206,132,236,0
train/004517.jpg 179,87,209,117,0 174,96,204,126,0 170,80,200,110,0 165,90,195,120,0
train/004520.jpg 179,87,209,117,0 174,96,204,126,0 170,80,200,110,0 118,59,148,89,0 165,90,195,120,0
train/004527.jpg 129,193,159,223,0 124,202,154,232,0 120,186,150,216,0 51,156,81,186,0 115,196,145,226,0
train/004529.jpg 60,41,90,71,0 60,50,90,80,0
train/004531.jpg 106,103,136,133,0 95,102,125,132,0
train/004537.jpg 225,97,255,127,0 229,110,256,140,0
train/004538.jpg 0,97,29,127,0 3,110,33,140,0 32,95,62,125,0
train/004544.jpg 193,102,223,132,0 205,98,235,128,0
train/004550.jpg 193,102,223,132,0 205,98,235,128,0
train/004559.jpg 179,226,209,256,0 191,222,221,252,0
train/004562.jpg 179,0,209,30,0 191,0,221,26,0
train/004573.jpg 198,99,228,129,0
train/004576.jpg 192,96,222,126,0 154,81,184,111,0 201,76,231,106,0
train/004580.jpg 192,96,222,126,0 149,97,179,127,0 154,81,184,111,0 201,76,231,106,0
train/004586.jpg 172,208,202,238,0 129,209,159,239,0 134,193,164,223,0 181,188,211,218,0
train/004595.jpg 189,86,219,116,0 184,91,214,121,0 147,81,177,111,0 161,84,191,114,0
train/004597.jpg 183,86,213,116,0 178,91,208,121,0 141,81,171,111,0 155,84,185,114,0
train/004603.jpg 225,146,255,176,0 220,151,250,181,0 183,141,213,171,0 197,144,227,174,0
train/004604.jpg 0,146,29,176,0 0,151,24,181,0
train/004608.jpg 168,93,198,123,0 179,91,209,121,0
train/004611.jpg 94,100,124,130,0 168,93,198,123,0 179,91,209,121,0
train/004617.jpg 118,199,148,229,0 58,205,88,235,0
train/004629.jpg 192,89,222,119,0
train/004632.jpg 192,89,222,119,0 205,82,235,112,0
train/004642.jpg 172,195,202,225,0
train/004651.jpg 177,96,207,126,0
train/004655.jpg 177,96,207,126,0
train/004670.jpg 13,40,43,70,0
train/004676.jpg 52,91,82,121,0
train/004683.jpg 85,37,115,67,0 52,91,82,121,0
train/004690.jpg 116,203,146,233,0
train/004701.jpg 184,105,214,135,0
train/004704.jpg 184,105,214,135,0
train/004715.jpg 158,229,188,256,0
train/004717.jpg 158,3,188,33,0
train/004728.jpg 14,89,44,119,0 14,121,44,151,0
train/004737.jpg 184,80,214,110,0 182,91,212,121,0
train/004742.jpg 184,80,214,110,0 182,91,212,121,0 195,65,225,95,0 182,63,212,93,0
train/004748.jpg 163,201,193,231,0 150,199,180,229,0
train/004764.jpg 220,83,250,113,0
train/004765.jpg 0,83,24,113,0
train/004768.jpg 220,83,250,113,0
train/004769.jpg 0,83,24,113,0
train/004774.jpg 146,25,176,55,0 174,84,204,114,0 177,100,207,130,0 158,88,188,118,0
train/004778.jpg 88,25,118,55,0
train/004786.jpg 43,89,73,119,0
train/004788.jpg 119,147,149,177,0
train/004792.jpg 17,33,47,63,0
train/004796.jpg 217,96,247,126,0
train/004797.jpg 0,96,21,126,0
train/004800.jpg 216,110,246,140,0 217,96,247,126,0
train/004801.jpg 0,110,21,140,0 0,96,21,126,0
train/004804.jpg 127,208,157,238,0
train/004811.jpg 197,102,227,132,0
train/004813.jpg 209,108,239,138,0 197,103,227,133,0
train/004822.jpg 183,226,213,256,0
train/004826.jpg 183,0,213,30,0
train/004834.jpg 193,88,223,118,0
train/004835.jpg 191,102,221,132,0 193,88,223,118,0
train/004844.jpg 177,202,207,232,0
train/004856.jpg 53,94,83,124,0
train/004860.jpg 53,94,83,124,0
train/004871.jpg 117,200,147,230,0
train/004882.jpg 223,95,253,125,0
train/004883.jpg 0,95,27,125,0
train/004886.jpg 223,95,253,125,0
train/004887.jpg 0,95,27,125,0
train/004893.jpg 232,201,256,231,0
train/004894.jpg 7,201,37,231,0
train/004904.jpg 196,88,226,118,0
train/004912.jpg 198,87,228,117,0
train/004923.jpg 188,200,218,230,0
train/004929.jpg 185,89,215,119,0
train/004933.jpg 185,89,215,119,0
train/004946.jpg 153,201,183,231,0
train/004955.jpg 46,97,76,127,0
train/004964.jpg 113,200,143,230,0
train/004974.jpg 187,91,217,121,0
train/004977.jpg 185,89,215,119,0
train/004980.jpg 227,143,256,173,0
train/004981.jpg 1,143,31,173,0
train/004987.jpg 221,83,251,113,0 234,83,256,113,0
train/004988.jpg 0,83,25,113,0 9,83,39,113,0
train/004991.jpg 221,83,251,113,0 234,83,256,113,0
train/004992.jpg 0,83,25,113,0 9,83,39,113,0
train/004997.jpg 235,189,256,219,0
train/004998.jpg 11,189,41,219,0 25,189,55,219,0
train/005005.jpg 221,87,251,117,0
train/005006.jpg 0,87,25,117,0
train/005009.jpg 235,92,256,122,0 225,89,255,119,0
train/005010.jpg 13,93,43,123,0 0,89,29,119,0
train/005015.jpg 223,101,253,131,0
train/005016.jpg 0,101,27,131,0
train/005021.jpg 223,101,253,131,0
train/005022.jpg 0,101,27,131,0
train/005028.jpg 101,45,131,75,0
train/005036.jpg 222,95,252,125,0
train/005037.jpg 0,95,26,125,0
train/005042.jpg 194,89,224,119,0
train/005046.jpg 188,92,218,122,0
train/005055.jpg 174,189,204,219,0
train/005063.jpg 53,112,83,142,0 52,94,82,124,0
train/005070.jpg 47,94,77,124,0
train/005077.jpg 110,206,140,236,0
train/005088.jpg 186,89,216,119,0
train/005092.jpg 186,89,216,119,0
train/005098.jpg 134,85,164,115,0
train/005103.jpg 169,93,199,123,0 155,98,185,128,0
train/005108.jpg 157,99,187,129,0
train/005114.jpg 101,211,131,241,0
train/005123.jpg 187,93,217,123,0 194,105,224,135,0
train/005126.jpg 187,93,217,123,0
train/005135.jpg 161,199,191,229,0
train/005145.jpg 197,90,227,120,0 211,90,241,120,0
train/005148.jpg 197,90,227,120,0
train/005154.jpg 189,196,219,226,0
train/005162.jpg 233,86,256,116,0
train/005163.jpg 9,86,39,116,0
train/005166.jpg 233,86,256,116,0
train/005167.jpg 9,86,39,116,0
train/005179.jpg 31,192,61,222,0
train/005190.jpg 36,83,66,113,0
train/005195.jpg 36,83,66,113,0
train/005205.jpg 41,92,71,122,0
train/005209.jpg 44,128,74,158,0 41,121,71,151,0
train/005211.jpg 188,77,218,107,0 211,65,241,95,0 193,90,223,120,0 209,117,239,147,0 215,132,245,162,0
train/005212.jpg 0,131,22,161,0
train/005216.jpg 203,94,233,124,0
train/005217.jpg 44,128,74,158,0 41,121,71,151,0
train/005218.jpg 188,77,218,107,0 220,62,250,92,0 211,65,241,95,0 193,90,223,120,0 209,117,239,147,0 215,132,245,162,0
train/005219.jpg 0,62,24,92,0 0,131,22,161,0
train/005229.jpg 232,32,256,62,0 229,25,256,55,0
train/005230.jpg 6,32,36,62,0 3,25,33,55,0 182,192,212,222,0 173,195,203,225,0
train/005231.jpg 171,21,201,51,0 177,36,207,66,0
train/005236.jpg 214,105,244,135,0 229,94,256,124,0
train/005237.jpg 0,105,22,135,0 3,94,33,124,0
train/005245.jpg 214,105,244,135,0 229,94,256,124,0
train/005246.jpg 0,105,22,135,0 3,94,33,124,0
train/005257.jpg 235,206,256,236,0
train/005258.jpg 16,205,46,235,0 31,194,61,224,0
train/005273.jpg 236,86,256,116,0
train/005274.jpg 14,85,44,115,0
train/005283.jpg 177,90,207,120,0
train/005288.jpg 28,97,58,127,0
train/005290.jpg 28,97,58,127,0
train/005300.jpg 68,209,98,239,0 64,224,94,254,0
train/005302.jpg 64,0,94,28,0
train/005316.jpg 236,88,256,118,0
train/005317.jpg 15,88,45,118,0
train/005318.jpg 44,112,74,142,0
train/005320.jpg 172,94,202,124,0
train/005322.jpg 177,96,207,126,0 184,88,214,118,0
train/005328.jpg 139,214,169,244,0 146,206,176,236,0
train/005340.jpg 178,100,208,130,0 189,95,219,125,0
train/005344.jpg 178,100,208,130,0 189,95,219,125,0
train/005350.jpg 120,102,150,132,0 131,97,161,127,0
train/005355.jpg 84,153,114,183,0
train/005360.jpg 89,209,119,239,0 72,153,102,183,0 87,153,117,183,0
train/005365.jpg 132,207,162,237,0
train/005370.jpg 167,90,197,120,0 146,80,176,110,0 133,76,163,106,0 193,93,223,123,0 156,84,186,114,0
train/005376.jpg 167,90,197,120,0 146,80,176,110,0 177,97,207,127,0 133,76,163,106,0 193,93,223,123,0 156,84,186,114,0
train/005386.jpg 153,196,183,226,0 132,186,162,216,0 135,214,165,244,0 119,182,149,212,0 179,199,209,229,0 142,190,172,220,0
train/005397.jpg 198,90,228,120,0
train/005405.jpg 198,90,228,120,0
train/005415.jpg 231,175,256,205,0 235,220,256,250,0 234,205,256,235,0 220,183,250,213,0 225,228,255,256,0 233,189,256,219,0 223,214,253,244,0 221,198,251,228,0
train/005416.jpg 5,175,35,205,0 10,220,40,250,0 8,205,38,235,0 0,183,24,213,0 0,228,29,256,0 7,189,37,219,0 0,214,27,244,0 0,198,25,228,0
train/005417.jpg 225,2,255,32,0
train/005418.jpg 10,0,40,24,0 0,2,29,32,0
train/005427.jpg 103,63,133,93,0 108,108,138,138,0 106,93,136,123,0 92,71,122,101,0 97,116,127,146,0 105,77,135,107,0 95,102,125,132,0 93,86,123,116,0
train/005433.jpg 191,193,221,223,0 192,206,222,236,0 180,202,210,232,0 202,198,232,228,0
train/005434.jpg 9,235,39,256,0
train/005437.jpg 225,20,255,50,0 233,12,256,42,0 227,34,256,64,0 235,26,256,56,0
train/005438.jpg 0,20,29,50,0 9,12,39,42,0 1,34,31,64,0 11,26,41,56,0
train/005446.jpg 81,87,111,117,0 115,140,145,170,0 125,132,155,162,0 82,100,112,130,0 117,154,147,184,0 127,146,157,176,0 70,96,100,126,0 92,92,122,122,0
train/005450.jpg 191,193,221,223,0 192,206,222,236,0 180,202,210,232,0 202,198,232,228,0
train/005451.jpg 9,235,39,256,0
train/005453.jpg 225,20,255,50,0 233,12,256,42,0 227,34,256,64,0 235,26,256,56,0
train/005454.jpg 0,20,29,50,0 9,12,39,42,0 1,34,31,64,0 11,26,41,56,0
train/005462.jpg 231,210,256,240,0 220,216,250,246,0 218,204,248,234,0 207,210,237,240,0
train/005463.jpg 44,168,74,198,0 5,210,35,240,0 0,216,24,246,0 74,192,104,222,0 50,179,80,209,0 0,204,22,234,0 62,186,92,216,0
train/005466.jpg 220,0,250,20,0
train/005472.jpg 109,98,139,128,0 98,104,128,134,0 178,80,208,110,0 154,67,184,97,0 96,92,126,122,0 85,98,115,128,0 166,74,196,104,0
train/005477.jpg 231,210,256,240,0 220,216,250,246,0 218,204,248,234,0 207,210,237,240,0
train/005478.jpg 44,168,74,198,0 5,210,35,240,0 0,216,24,246,0 74,192,104,222,0 50,179,80,209,0 0,204,22,234,0 62,186,92,216,0
train/005480.jpg 220,0,250,20,0
train/005495.jpg 236,97,256,127,0
train/005496.jpg 19,96,49,126,0
train/005506.jpg 18,225,48,255,0
train/005510.jpg 40,94,70,124,0 18,0,48,29,0
train/005517.jpg 21,96,51,126,0
train/005526.jpg 224,84,254,114,0 236,79,256,109,0
train/005527.jpg 0,84,28,114,0 17,96,47,126,0 15,78,45,108,0
train/005536.jpg 44,94,74,124,0
train/005540.jpg 224,84,254,114,0 236,79,256,109,0
train/005541.jpg 0,84,28,114,0 17,96,47,126,0 15,78,45,108,0
train/005567.jpg 93,206,123,236,0 86,166,116,196,0 95,184,125,214,0
train/005576.jpg 169,61,199,91,0
train/005577.jpg 41,94,71,124,0
train/005583.jpg 98,208,128,238,0
train/005600.jpg 102,204,132,234,0
train/005610.jpg 79,235,109,256,0
train/005611.jpg 79,11,109,41,0 46,95,76,125,0
train/005619.jpg 137,114,167,144,0 68,189,98,219,0 102,204,132,234,0 84,198,114,228,0
train/005630.jpg 165,207,195,237,0
train/005636.jpg 168,206,198,236,0
train/005646.jpg 47,94,77,124,0
train/005653.jpg 101,210,131,240,0 28,227,58,256,0 44,224,74,254,0 24,212,54,242,0 110,194,140,224,0 123,203,153,233,0
train/005655.jpg 28,1,58,31,0 44,0,74,28,0
train/005664.jpg 46,94,76,124,0
train/005670.jpg 176,41,206,71,0
train/005688.jpg 104,206,134,236,0 138,92,168,122,0 108,189,138,219,0 133,107,163,137,0 122,87,152,117,0
train/005700.jpg 44,94,74,124,0 24,105,54,135,0 39,109,69,139,0 28,89,58,119,0
train/005709.jpg 104,206,134,236,0 108,189,138,219,0 118,103,148,133,0 133,107,163,137,0 122,87,152,117,0
train/005720.jpg 93,183,123,213,0 104,191,134,221,0 102,180,132,210,0 83,185,113,215,0 92,194,122,224,0 69,116,99,146,0 77,120,107,150,0 83,125,113,155,0
train/005734.jpg 91,201,121,231,0
train/005742.jpg 63,107,93,137,0 35,92,65,122,0 49,99,79,129,0
train/005753.jpg 91,201,121,231,0 63,186,93,216,0
train/005764.jpg 111,98,141,128,0
train/005766.jpg 111,98,141,128,0
train/005770.jpg 130,98,160,128,0
train/005774.jpg 130,98,160,128,0
train/005777.jpg 130,103,160,133,0
train/005780.jpg 111,92,141,122,0
train/005783.jpg 110,93,140,123,0
train/005788.jpg 110,93,140,123,0
train/005791.jpg 118,93,148,123,0
train/005794.jpg 118,93,148,123,0
train/005796.jpg 118,93,148,123,0
